// MilkShape 3D ASCII

Frames: 30
Frame: 1

Meshes: 4
"Colour" 0 3
24
0 14.098487 -8.105165 11.415222 0.000000 0.000000 -1
0 26.078472 -15.058068 4.954104 0.000000 0.000000 -1
0 30.111111 -0.008036 4.954098 0.000000 0.000000 -1
0 16.268875 -0.005149 11.415226 0.000000 0.000000 -1
0 26.078472 15.041985 4.954102 0.000000 0.000000 -1
0 14.098487 8.094875 11.415220 0.000000 0.000000 -1
0 15.061110 26.059364 4.954094 0.000000 0.000000 -1
0 8.168877 14.024487 11.415226 0.000000 0.000000 -1
0 0.011110 30.092005 4.954100 0.000000 0.000000 -1
0 0.068878 16.194889 11.415224 0.000000 0.000000 -1
0 -15.038890 26.059364 4.954094 0.000000 0.000000 -1
0 -8.031124 14.024487 11.415226 0.000000 0.000000 -1
0 -26.056255 15.041985 4.954102 0.000000 0.000000 -1
0 -13.960735 8.094875 11.415220 0.000000 0.000000 -1
0 -30.088890 -0.008036 4.954098 0.000000 0.000000 -1
0 -16.131126 -0.005149 11.415226 0.000000 0.000000 -1
0 -26.056255 -15.058068 4.954104 0.000000 0.000000 -1
0 -13.960735 -8.105165 11.415222 0.000000 0.000000 -1
0 -15.038890 -26.075449 4.954106 0.000000 0.000000 -1
0 -8.031124 -14.034790 11.415226 0.000000 0.000000 -1
0 0.011110 -30.108074 4.954100 0.000000 0.000000 -1
0 0.068878 -16.205158 11.415218 0.000000 0.000000 -1
0 15.061110 -26.075449 4.954106 0.000000 0.000000 -1
0 8.168877 -14.034790 11.415226 0.000000 0.000000 -1
24
0.206524 -0.061327 0.976518
0.366124 -0.211317 0.906255
0.421976 -0.067837 0.904066
0.177322 0.006674 0.984130
0.384840 0.178559 0.905547
0.068133 0.058641 0.995951
0.243771 0.346667 0.905758
0.076170 0.178750 0.980942
0.037730 0.421417 0.906082
-0.016573 0.084841 0.996257
-0.177729 0.383143 0.906429
-0.115182 0.152772 0.981526
-0.345016 0.242576 0.906709
-0.123666 0.039254 0.991547
-0.419792 0.037499 0.906846
-0.126409 -0.027973 0.991584
-0.382360 -0.177499 0.906805
-0.096016 -0.087813 0.991499
-0.242613 -0.345285 0.906597
-0.039971 -0.125274 0.991317
-0.037513 -0.421019 0.906276
0.017100 -0.086111 0.996139
0.178327 -0.384051 0.905927
0.117402 -0.155804 0.980786
26
0 0 1 2 0 1 2 1
0 2 3 0 2 3 0 1
0 4 5 3 4 5 3 1
0 3 2 4 3 2 4 1
0 5 4 6 5 4 6 1
0 6 7 5 6 7 5 1
0 7 6 8 7 6 8 1
0 8 9 7 8 9 7 1
0 8 10 9 8 10 9 1
0 9 10 11 9 10 11 1
0 10 12 11 10 12 11 1
0 12 13 11 12 13 11 1
0 13 12 14 13 12 14 1
0 14 15 13 14 15 13 1
0 16 17 15 16 17 15 1
0 16 15 14 16 15 14 1
0 17 16 18 17 16 18 1
0 18 19 17 18 19 17 1
0 18 20 19 18 20 19 1
0 21 19 20 21 19 20 1
0 20 22 21 20 22 21 1
0 22 23 21 22 23 21 1
0 23 22 1 23 22 1 1
0 1 0 23 1 0 23 1
0 0 1 2 0 1 2 1
0 2 3 0 2 3 0 1
"Outer" 0 0
38
0 30.111111 -0.008040 -0.009548 0.000000 0.000000 -1
0 26.078474 -15.058070 -0.009552 0.000000 0.000000 -1
0 15.061110 -26.075455 -0.009548 0.000000 0.000000 -1
0 0.011110 -30.108097 -0.009541 0.000000 0.000000 -1
0 -15.038890 -26.075455 -0.009548 0.000000 0.000000 -1
0 -26.056253 -15.058070 -0.009552 0.000000 0.000000 -1
0 -30.088890 -0.008040 -0.009548 0.000000 0.000000 -1
0 -26.056253 15.041991 -0.009548 0.000000 0.000000 -1
0 -15.038890 26.059353 -0.009544 0.000000 0.000000 -1
0 0.011110 30.092026 -0.009548 0.000000 0.000000 -1
0 15.061110 26.059353 -0.009544 0.000000 0.000000 -1
0 26.078474 15.041991 -0.009548 0.000000 0.000000 -1
0 30.111111 -0.008040 -0.009548 0.000000 1.000000 -1
0 30.111111 -0.008036 4.954098 0.000000 0.000000 -1
0 26.078474 -15.058070 -0.009552 0.083333 1.000000 -1
0 26.078472 -15.058068 4.954104 0.083333 0.000000 -1
0 15.061110 -26.075449 4.954106 0.166667 0.000000 -1
0 15.061110 -26.075455 -0.009548 0.166667 1.000000 -1
0 0.011110 -30.108097 -0.009541 0.250000 1.000000 -1
0 0.011110 -30.108074 4.954100 0.250000 0.000000 -1
0 -15.038890 -26.075449 4.954106 0.333333 0.000000 -1
0 -15.038890 -26.075455 -0.009548 0.333333 1.000000 -1
0 -26.056253 -15.058070 -0.009552 0.416667 1.000000 -1
0 -26.056255 -15.058068 4.954104 0.416667 0.000000 -1
0 -30.088890 -0.008036 4.954098 0.500000 0.000000 -1
0 -30.088890 -0.008040 -0.009548 0.500000 1.000000 -1
0 -26.056253 15.041991 -0.009548 0.583333 1.000000 -1
0 -26.056255 15.041985 4.954102 0.583333 0.000000 -1
0 -15.038890 26.059364 4.954094 0.666667 0.000000 -1
0 -15.038890 26.059353 -0.009544 0.666667 1.000000 -1
0 0.011110 30.092026 -0.009548 0.750000 1.000000 -1
0 0.011110 30.092005 4.954100 0.750000 0.000000 -1
0 15.061110 26.059364 4.954094 0.833333 0.000000 -1
0 15.061110 26.059353 -0.009544 0.833333 1.000000 -1
0 26.078474 15.041991 -0.009548 0.916667 1.000000 -1
0 26.078472 15.041985 4.954102 0.916667 0.000000 -1
0 30.111111 -0.008036 4.954098 1.000000 0.000000 -1
0 30.111111 -0.008040 -0.009548 1.000000 1.000000 -1
38
-0.000000 0.000000 -1.000000
-0.000001 0.000000 -1.000000
-0.000001 0.000000 -1.000000
-0.000000 -0.000000 -1.000000
0.000000 -0.000000 -1.000000
0.000000 0.000000 -1.000000
0.000000 0.000000 -1.000000
0.000000 0.000000 -1.000000
-0.000000 0.000000 -1.000000
0.000000 0.000000 -1.000000
-0.000000 0.000000 -1.000000
-0.000000 -0.000000 -1.000000
0.965926 -0.258819 0.000000
0.965926 -0.258819 0.000000
0.866026 -0.499999 0.000001
0.866026 -0.499999 0.000001
0.500000 -0.866025 0.000002
0.500001 -0.866025 0.000001
-0.000000 -1.000000 0.000003
0.000000 -1.000000 0.000005
-0.500000 -0.866025 0.000002
-0.500001 -0.866025 0.000001
-0.866026 -0.499999 0.000000
-0.866026 -0.499999 -0.000000
-1.000000 0.000000 -0.000000
-1.000000 -0.000000 0.000000
-0.866026 0.500000 -0.000000
-0.866026 0.500000 0.000000
-0.500001 0.866025 0.000000
-0.500001 0.866025 -0.000002
0.000000 1.000000 0.000001
0.000000 1.000000 0.000004
0.500001 0.866025 0.000000
0.500001 0.866025 -0.000002
0.866026 0.500000 0.000000
0.866026 0.500000 0.000001
0.965926 0.258819 0.000000
0.965926 0.258819 -0.000000
34
0 0 1 2 0 1 2 2
0 0 2 3 0 2 3 2
0 0 3 4 0 3 4 2
0 0 4 5 0 4 5 2
0 0 5 6 0 5 6 2
0 0 6 7 0 6 7 2
0 0 7 8 0 7 8 2
0 0 8 9 0 8 9 2
0 0 9 10 0 9 10 2
0 0 10 11 0 10 11 2
0 12 13 14 12 13 14 1
0 13 15 14 13 15 14 1
0 14 15 16 14 15 16 1
0 14 16 17 14 16 17 1
0 17 16 18 17 16 18 1
0 16 19 18 16 19 18 1
0 18 19 20 18 19 20 1
0 18 20 21 18 20 21 1
0 21 20 22 21 20 22 1
0 20 23 22 20 23 22 1
0 22 23 24 22 23 24 1
0 22 24 25 22 24 25 1
0 25 24 26 25 24 26 1
0 24 27 26 24 27 26 1
0 26 27 28 26 27 28 1
0 26 28 29 26 28 29 1
0 29 28 30 29 28 30 1
0 28 31 30 28 31 30 1
0 30 31 32 30 31 32 1
0 30 32 33 30 32 33 1
0 33 32 34 33 32 34 1
0 32 35 34 32 35 34 1
0 34 35 36 34 35 36 1
0 34 36 37 34 36 37 1
"Top" 0 1
105
0 14.068877 0.008186 11.042997 0.000000 1.000000 -1
0 14.068877 0.008184 11.543003 0.000000 0.833333 -1
0 12.184301 -7.025158 11.543005 0.083333 0.833333 -1
0 12.184301 -7.025164 11.043007 0.083333 1.000000 -1
0 14.068877 0.008189 12.042999 0.000000 0.666667 -1
0 12.184301 -7.025161 12.042997 0.083333 0.666667 -1
0 14.068877 0.008184 12.542999 0.000000 0.500000 -1
0 12.184301 -7.025167 12.543003 0.083333 0.500000 -1
0 14.068877 0.008184 13.043001 0.000000 0.333333 -1
0 12.184301 -7.025160 13.043001 0.083333 0.333333 -1
0 14.068877 0.008186 13.543001 0.000000 0.166667 -1
0 12.184301 -7.025160 13.543001 0.083333 0.166667 -1
0 14.068877 0.008183 14.043005 0.000000 0.000000 -1
0 12.184301 -7.025157 14.043003 0.083333 0.000000 -1
0 7.035544 -12.173918 11.542997 0.166667 0.833333 -1
0 7.035544 -12.173924 11.043001 0.166667 1.000000 -1
0 7.035544 -12.173921 12.043003 0.166667 0.666667 -1
0 7.035544 -12.173917 12.543003 0.166667 0.500000 -1
0 7.035544 -12.173927 13.043001 0.166667 0.333333 -1
0 7.035544 -12.173925 13.543005 0.166667 0.166667 -1
0 7.035544 -12.173934 14.043007 0.166667 0.000000 -1
0 0.002211 -14.058507 11.542999 0.250000 0.833333 -1
0 0.002211 -14.058499 12.042999 0.250000 0.666667 -1
0 0.002211 -14.058494 12.543011 0.250000 0.500000 -1
0 0.002211 -14.058504 13.043001 0.250000 0.333333 -1
0 0.002211 -14.058502 13.543003 0.250000 0.166667 -1
0 0.002211 -14.058513 14.042999 0.250000 0.000000 -1
0 0.002211 -14.058502 11.043001 0.250000 1.000000 -1
0 -7.031123 -12.173924 11.043001 0.333333 1.000000 -1
0 -7.031123 -12.173918 11.542997 0.333333 0.833333 -1
0 -7.031123 -12.173921 12.043003 0.333333 0.666667 -1
0 -7.031123 -12.173917 12.543003 0.333333 0.500000 -1
0 -7.031123 -12.173927 13.043001 0.333333 0.333333 -1
0 -7.031123 -12.173925 13.543005 0.333333 0.166667 -1
0 -7.031123 -12.173934 14.043007 0.333333 0.000000 -1
0 -12.179880 -7.025158 11.543005 0.416667 0.833333 -1
0 -12.179880 -7.025164 11.043007 0.416667 1.000000 -1
0 -12.179880 -7.025161 12.042997 0.416667 0.666667 -1
0 -12.179880 -7.025167 12.543003 0.416667 0.500000 -1
0 -12.179880 -7.025160 13.043001 0.416667 0.333333 -1
0 -12.179880 -7.025160 13.543001 0.416667 0.166667 -1
0 -12.179880 -7.025157 14.043003 0.416667 0.000000 -1
0 -14.064457 0.008186 11.042997 0.500000 1.000000 -1
0 -14.064457 0.008184 11.543003 0.500000 0.833333 -1
0 -14.064457 0.008189 12.042999 0.500000 0.666667 -1
0 -14.064457 0.008184 12.542999 0.500000 0.500000 -1
0 -14.064457 0.008184 13.043001 0.500000 0.333333 -1
0 -14.064457 0.008186 13.543001 0.500000 0.166667 -1
0 -14.064457 0.008183 14.043005 0.500000 0.000000 -1
0 -7.031123 12.190293 11.042999 0.000000 0.000000 -1
0 0.002211 14.074868 11.042999 0.000000 0.000000 -1
0 0.002211 0.008183 14.043005 0.000000 0.000000 -1
0 12.184301 -7.025157 14.043003 0.000000 0.000000 -1
0 7.035544 -12.173934 14.043007 0.000000 0.000000 -1
0 0.002211 -14.058513 14.042999 0.000000 0.000000 -1
0 -7.031123 -12.173934 14.043007 0.000000 0.000000 -1
0 -12.179880 -7.025157 14.043003 0.000000 0.000000 -1
0 -14.064457 0.008183 14.043005 0.000000 0.000000 -1
0 -12.179880 7.041532 14.043007 0.000000 0.000000 -1
0 -12.179880 7.041529 11.542999 0.583333 0.833333 -1
0 -12.179880 7.041528 11.043001 0.583333 1.000000 -1
0 -12.179880 7.041530 12.042997 0.583333 0.666667 -1
0 -12.179880 7.041528 12.543003 0.583333 0.500000 -1
0 -12.179880 7.041534 13.042999 0.583333 0.333333 -1
0 -12.179880 7.041527 13.542999 0.583333 0.166667 -1
0 -12.179880 7.041532 14.043007 0.583333 0.000000 -1
0 -7.031123 12.190298 14.043005 0.000000 0.000000 -1
0 -7.031123 12.190293 11.042999 0.666667 1.000000 -1
0 -7.031123 12.190297 11.543003 0.666667 0.833333 -1
0 -7.031123 12.190294 12.042997 0.666667 0.666667 -1
0 -7.031123 12.190297 12.543003 0.666667 0.500000 -1
0 -7.031123 12.190289 13.042999 0.666667 0.333333 -1
0 -7.031123 12.190300 13.543001 0.666667 0.166667 -1
0 -7.031123 12.190298 14.043005 0.666667 0.000000 -1
0 0.002211 14.074882 14.043003 0.000000 0.000000 -1
0 0.002211 14.074885 11.543001 0.750000 0.833333 -1
0 0.002211 14.074868 11.042999 0.750000 1.000000 -1
0 0.002211 14.074872 12.043001 0.750000 0.666667 -1
0 0.002211 14.074872 12.543005 0.750000 0.500000 -1
0 0.002211 14.074879 13.043003 0.750000 0.333333 -1
0 0.002211 14.074881 13.543005 0.750000 0.166667 -1
0 0.002211 14.074882 14.043003 0.750000 0.000000 -1
0 7.035544 12.190298 14.043005 0.000000 0.000000 -1
0 7.035544 12.190293 11.042999 0.833333 1.000000 -1
0 7.035544 12.190297 11.543003 0.833333 0.833333 -1
0 7.035544 12.190294 12.042997 0.833333 0.666667 -1
0 7.035544 12.190297 12.543003 0.833333 0.500000 -1
0 7.035544 12.190289 13.042999 0.833333 0.333333 -1
0 7.035544 12.190300 13.543001 0.833333 0.166667 -1
0 7.035544 12.190298 14.043005 0.833333 0.000000 -1
0 12.184301 7.041532 14.043007 0.000000 0.000000 -1
0 12.184301 7.041529 11.542999 0.916667 0.833333 -1
0 12.184301 7.041528 11.043001 0.916667 1.000000 -1
0 12.184301 7.041530 12.042997 0.916667 0.666667 -1
0 12.184301 7.041528 12.543003 0.916667 0.500000 -1
0 12.184301 7.041534 13.042999 0.916667 0.333333 -1
0 12.184301 7.041527 13.542999 0.916667 0.166667 -1
0 12.184301 7.041532 14.043007 0.916667 0.000000 -1
0 14.068877 0.008184 11.543003 1.000000 0.833333 -1
0 14.068877 0.008186 11.042997 1.000000 1.000000 -1
0 14.068877 0.008189 12.042999 1.000000 0.666667 -1
0 14.068877 0.008184 12.542999 1.000000 0.500000 -1
0 14.068877 0.008184 13.043001 1.000000 0.333333 -1
0 14.068877 0.008186 13.543001 1.000000 0.166667 -1
0 14.068877 0.008183 14.043005 1.000000 0.000000 -1
103
0.429744 -0.168852 0.887022
0.965926 -0.258819 0.000001
0.866026 -0.500000 0.000002
0.370841 -0.229701 0.899841
0.965926 -0.258819 -0.000001
0.866026 -0.500000 -0.000005
0.965926 -0.258818 -0.000001
0.866026 -0.500000 -0.000001
0.965926 -0.258819 0.000001
0.866026 -0.499999 0.000004
0.965926 -0.258819 -0.000000
0.866026 -0.499999 -0.000001
0.965926 -0.258819 -0.000000
0.866026 -0.499999 0.000003
0.500001 -0.866025 0.000003
0.314907 -0.545000 0.777051
0.500000 -0.866025 0.000002
0.500000 -0.866026 -0.000006
0.500000 -0.866025 -0.000004
0.500000 -0.866025 -0.000006
0.500001 -0.866025 -0.000012
-0.000000 -1.000000 0.000003
-0.000000 -1.000000 0.000013
-0.000000 -1.000000 -0.000006
-0.000000 -1.000000 -0.000009
-0.000000 -1.000000 -0.000008
-0.000000 -1.000000 -0.000021
0.000291 -0.628468 0.777835
-0.383694 -0.644238 0.661617
-0.500001 -0.866025 0.000003
-0.500000 -0.866025 0.000002
-0.500000 -0.866026 -0.000006
-0.500000 -0.866025 -0.000004
-0.500000 -0.866025 -0.000006
-0.500001 -0.866025 -0.000012
-0.866026 -0.500000 0.000002
-0.379530 -0.202759 0.902688
-0.866026 -0.500000 -0.000005
-0.866026 -0.500000 -0.000001
-0.866026 -0.499999 0.000004
-0.866026 -0.499999 -0.000001
-0.866026 -0.499999 0.000003
-0.748848 0.010606 0.662657
-1.000000 -0.000000 0.000000
-1.000000 0.000000 -0.000001
-1.000000 0.000000 0.000000
-1.000000 -0.000000 0.000001
-1.000000 0.000000 0.000000
-1.000000 -0.000000 -0.000000
-0.313095 0.542767 0.779343
0.000299 0.627632 0.778510
0.000000 -0.000000 1.000000
0.000000 -0.000000 1.000000
0.000000 0.000000 1.000000
-0.000000 -0.000000 1.000000
0.000000 -0.000000 1.000000
0.000000 -0.000000 1.000000
-0.000000 0.000000 1.000000
0.000000 -0.000000 1.000000
-0.866026 0.499999 -0.000001
-0.364196 0.227165 0.903193
-0.866026 0.500000 0.000000
-0.866026 0.500000 0.000000
-0.866025 0.500000 0.000000
-0.866026 0.499999 -0.000001
-0.866026 0.499999 -0.000005
0.000000 0.000000 1.000000
-0.500001 0.866025 -0.000001
-0.500001 0.866025 0.000004
-0.500000 0.866025 0.000004
-0.500001 0.866025 -0.000003
-0.500001 0.866025 -0.000007
-0.500001 0.866025 -0.000001
0.000000 0.000000 1.000000
-0.000000 1.000000 -0.000002
-0.000000 1.000000 0.000013
-0.000000 1.000000 -0.000001
-0.000000 1.000000 -0.000009
-0.000000 1.000000 -0.000006
0.000000 1.000000 -0.000002
-0.000000 0.000000 1.000000
0.314609 0.544358 0.777622
0.500001 0.866025 -0.000001
0.500001 0.866025 0.000004
0.500000 0.866025 0.000004
0.500001 0.866025 -0.000003
0.500001 0.866025 -0.000007
0.500001 0.866025 -0.000001
-0.000000 -0.000000 1.000000
0.866026 0.499999 -0.000001
0.545369 0.314650 0.776897
0.866026 0.500000 0.000000
0.866026 0.499999 0.000000
0.866026 0.500000 0.000000
0.866026 0.499999 -0.000001
0.866026 0.499999 -0.000005
0.965926 0.258819 -0.000001
0.965926 0.258819 0.000000
0.965926 0.258819 0.000000
0.965926 0.258819 0.000001
0.965926 0.258819 -0.000000
0.965926 0.258819 0.000000
0.965926 0.258819 -0.000000
153
0 0 1 2 0 1 2 1
0 0 2 3 0 2 3 1
0 1 4 2 1 4 2 1
0 4 5 2 4 5 2 1
0 4 6 7 4 6 7 1
0 4 7 5 4 7 5 1
0 6 8 7 6 8 7 1
0 8 9 7 8 9 7 1
0 8 10 11 8 10 11 1
0 8 11 9 8 11 9 1
0 10 12 11 10 12 11 1
0 12 13 11 12 13 11 1
0 2 14 15 2 14 15 1
0 2 5 16 2 5 16 1
0 2 16 14 2 16 14 1
0 5 7 16 5 7 16 1
0 7 17 16 7 17 16 1
0 7 9 18 7 9 18 1
0 7 18 17 7 18 17 1
0 9 11 18 9 11 18 1
0 11 19 18 11 19 18 1
0 11 13 20 11 13 20 1
0 11 20 19 11 20 19 1
0 15 14 21 15 14 21 1
0 14 16 21 14 16 21 1
0 16 22 21 16 22 21 1
0 16 17 23 16 17 23 1
0 16 23 22 16 23 22 1
0 17 18 23 17 18 23 1
0 18 24 23 18 24 23 1
0 18 19 25 18 19 25 1
0 18 25 24 18 25 24 1
0 19 20 25 19 20 25 1
0 20 26 25 20 26 25 1
0 27 21 28 27 21 28 1
0 21 29 28 21 29 28 1
0 21 22 30 21 22 30 1
0 21 30 29 21 30 29 1
0 22 23 30 22 23 30 1
0 23 31 30 23 31 30 1
0 23 24 32 23 24 32 1
0 23 32 31 23 32 31 1
0 24 25 32 24 25 32 1
0 25 33 32 25 33 32 1
0 25 26 34 25 26 34 1
0 25 34 33 25 34 33 1
0 28 29 35 28 29 35 1
0 28 35 36 28 35 36 1
0 29 30 35 29 30 35 1
0 30 37 35 30 37 35 1
0 30 31 38 30 31 38 1
0 30 38 37 30 38 37 1
0 31 32 38 31 32 38 1
0 32 39 38 32 39 38 1
0 32 33 40 32 33 40 1
0 32 40 39 32 40 39 1
0 33 34 40 33 34 40 1
0 34 41 40 34 41 40 1
0 36 35 42 36 35 42 1
0 35 43 42 35 43 42 1
0 35 37 44 35 37 44 1
0 35 44 43 35 44 43 1
0 37 38 44 37 38 44 1
0 38 45 44 38 45 44 1
0 38 39 46 38 39 46 1
0 38 46 45 38 46 45 1
0 39 40 46 39 40 46 1
0 40 47 46 40 47 46 1
0 40 41 48 40 41 48 1
0 40 48 47 40 48 47 1
0 49 49 50 49 49 50 1
0 12 51 52 51 52 53 2
0 52 51 53 53 52 54 2
0 53 51 54 54 52 55 2
0 54 51 55 55 52 56 2
0 55 51 56 56 52 57 2
0 56 51 57 57 52 51 2
0 57 51 58 51 52 58 2
0 42 43 59 42 43 59 1
0 42 59 60 42 59 60 1
0 43 44 59 43 44 59 1
0 44 61 59 44 61 59 1
0 44 45 62 44 45 62 1
0 44 62 61 44 62 61 1
0 45 46 62 45 46 62 1
0 46 63 62 46 63 62 1
0 46 47 64 46 47 64 1
0 46 64 63 46 64 63 1
0 47 48 64 47 48 64 1
0 48 65 64 48 65 64 1
0 58 51 66 58 52 66 2
0 60 59 67 60 59 49 1
0 59 68 67 59 67 49 1
0 59 61 69 59 61 68 1
0 59 69 68 59 68 67 1
0 61 62 69 61 62 68 1
0 62 70 69 62 69 68 1
0 62 63 71 62 63 70 1
0 62 71 70 62 70 69 1
0 63 64 71 63 64 70 1
0 64 72 71 64 71 70 1
0 64 65 73 64 65 72 1
0 64 73 72 64 72 71 1
0 66 51 74 66 52 73 2
0 67 68 75 49 67 74 1
0 67 75 76 49 74 50 1
0 68 69 75 67 68 74 1
0 69 77 75 68 75 74 1
0 69 70 78 68 69 76 1
0 69 78 77 68 76 75 1
0 70 71 78 69 70 76 1
0 71 79 78 70 77 76 1
0 71 72 80 70 71 78 1
0 71 80 79 70 78 77 1
0 72 73 80 71 72 78 1
0 73 81 80 72 79 78 1
0 74 51 82 73 52 80 2
0 76 75 83 50 74 81 1
0 75 84 83 74 82 81 1
0 75 77 85 74 75 83 1
0 75 85 84 74 83 82 1
0 77 78 85 75 76 83 1
0 78 86 85 76 84 83 1
0 78 79 87 76 77 85 1
0 78 87 86 76 85 84 1
0 79 80 87 77 78 85 1
0 80 88 87 78 86 85 1
0 80 81 89 78 79 87 1
0 80 89 88 78 87 86 1
0 82 51 90 80 52 88 2
0 83 91 92 81 89 90 1
0 84 85 91 82 83 89 1
0 85 93 91 83 91 89 1
0 85 86 94 83 84 92 1
0 85 94 93 83 92 91 1
0 86 87 94 84 85 92 1
0 87 95 94 85 93 92 1
0 87 88 96 85 86 94 1
0 87 96 95 85 94 93 1
0 88 89 96 86 87 94 1
0 89 97 96 87 95 94 1
0 90 51 12 88 52 51 2
0 91 98 99 89 96 97 1
0 91 93 100 89 91 98 1
0 91 100 98 89 98 96 1
0 93 94 100 91 92 98 1
0 94 101 100 92 99 98 1
0 94 95 102 92 93 100 1
0 94 102 101 92 100 99 1
0 95 96 102 93 94 100 1
0 96 103 102 94 101 100 1
0 96 97 104 94 95 102 1
0 96 104 103 94 102 101 1
"Ring" 0 2
34
0 12.184301 -7.025164 11.043007 0.083333 1.000000 -1
0 12.184301 -7.025158 11.543005 0.083333 0.833333 -1
0 7.035544 -12.173924 11.043001 0.166667 1.000000 -1
0 0.002211 -14.058507 11.542999 0.250000 0.833333 -1
0 0.002211 -14.058502 11.043001 0.250000 1.000000 -1
0 0.068878 16.194889 11.415224 0.000000 0.000000 -1
0 7.035544 12.190293 11.042999 0.000000 0.000000 -1
0 8.168877 14.024487 11.415226 0.000000 0.000000 -1
0 0.002211 14.074868 11.042999 0.000000 0.000000 -1
0 -8.031124 14.024487 11.415226 0.000000 0.000000 -1
0 -7.031123 12.190293 11.042999 0.000000 0.000000 -1
0 -13.960735 8.094875 11.415220 0.000000 0.000000 -1
0 -12.179880 7.041528 11.043001 0.000000 0.000000 -1
0 -16.131126 -0.005149 11.415226 0.000000 0.000000 -1
0 -14.064457 0.008186 11.042997 0.000000 0.000000 -1
0 -13.960735 -8.105165 11.415222 0.000000 0.000000 -1
0 -12.179880 -7.025164 11.043007 0.000000 0.000000 -1
0 -8.031124 -14.034790 11.415226 0.000000 0.000000 -1
0 -7.031123 -12.173924 11.043001 0.000000 0.000000 -1
0 0.068878 -16.205158 11.415218 0.000000 0.000000 -1
0 0.002211 -14.058502 11.043001 0.000000 0.000000 -1
0 8.168877 -14.034790 11.415226 0.000000 0.000000 -1
0 7.035544 -12.173924 11.043001 0.000000 0.000000 -1
0 14.098487 -8.105165 11.415222 0.000000 0.000000 -1
0 12.184301 -7.025164 11.043007 0.000000 0.000000 -1
0 16.268875 -0.005149 11.415226 0.000000 0.000000 -1
0 14.068877 0.008186 11.042997 0.000000 0.000000 -1
0 14.098487 8.094875 11.415220 0.000000 0.000000 -1
0 12.184301 7.041528 11.043001 0.000000 0.000000 -1
0 7.035544 12.190293 11.042999 0.833333 1.000000 -1
0 7.035544 12.190297 11.543003 0.833333 0.833333 -1
0 12.184301 7.041529 11.542999 0.916667 0.833333 -1
0 12.184301 7.041528 11.043001 0.916667 1.000000 -1
0 14.068877 0.008186 11.042997 1.000000 1.000000 -1
29
0.370841 -0.229701 0.899841
0.866026 -0.500000 0.000002
0.314907 -0.545000 0.777051
-0.000000 -1.000000 0.000003
0.000291 -0.628468 0.777835
-0.016573 0.084841 0.996257
0.314609 0.544358 0.777622
0.076170 0.178750 0.980942
0.000299 0.627632 0.778510
-0.115182 0.152772 0.981526
-0.313095 0.542767 0.779343
-0.123666 0.039254 0.991547
-0.364196 0.227165 0.903193
-0.126409 -0.027973 0.991584
-0.748848 0.010606 0.662657
-0.096016 -0.087813 0.991499
-0.379530 -0.202759 0.902688
-0.039971 -0.125274 0.991317
-0.383694 -0.644238 0.661617
0.017100 -0.086111 0.996139
0.117402 -0.155804 0.980786
0.206524 -0.061327 0.976518
0.177322 0.006674 0.984130
0.429744 -0.168852 0.887022
0.068133 0.058641 0.995951
0.545369 0.314650 0.776897
0.500001 0.866025 -0.000001
0.866026 0.499999 -0.000001
0.965926 0.258819 0.000000
29
0 0 1 2 0 1 2 1
0 2 3 4 2 3 4 1
0 5 6 7 5 6 7 1
0 8 6 5 8 6 5 1
0 5 9 10 5 9 10 1
0 10 8 5 10 8 5 1
0 10 9 11 10 9 11 1
0 11 12 10 11 12 10 1
0 12 11 13 12 11 13 1
0 13 14 12 13 14 12 1
0 14 13 15 14 13 15 1
0 15 16 14 15 16 14 1
0 16 15 17 16 15 17 1
0 16 17 18 16 17 18 1
0 18 17 19 18 17 19 1
0 18 19 20 18 19 4 1
0 21 21 22 20 20 2 1
0 19 21 22 19 20 2 1
0 20 19 22 4 19 2 1
0 22 21 23 2 20 21 1
0 23 24 22 21 0 2 1
0 24 23 25 0 21 22 1
0 25 26 24 22 23 0 1
0 26 25 27 23 22 24 1
0 27 28 26 24 25 23 1
0 27 7 6 24 7 6 1
0 28 27 6 25 24 6 1
0 29 30 31 6 26 27 1
0 32 31 33 25 27 28 1

Materials: 4
"Material01"
0.576471 0.576471 0.576471 1.000000
0.800000 0.800000 0.800000 1.000000
0.000000 0.000000 0.000000 1.000000
0.000000 0.000000 0.000000 1.000000
0.000000
1.000000
"Mat1.jpg"
""
"Material02"
1.000000 1.000000 1.000000 1.000000
1.000000 1.000000 1.000000 1.000000
0.000000 0.000000 0.000000 1.000000
0.000000 0.000000 0.000000 1.000000
0.000000
1.000000
"Mat2.jpg"
""
"Material03"
0.000000 0.000000 0.000000 1.000000
0.000000 0.000000 0.000000 1.000000
0.000000 0.000000 0.000000 1.000000
0.000000 0.000000 0.000000 1.000000
0.000000
1.000000
"Mat3.jpg"
""
"Colour"
0.200000 0.200000 0.200000 1.000000
0.800000 0.800000 0.800000 1.000000
0.000000 0.000000 0.000000 1.000000
0.000000 0.000000 0.000000 1.000000
0.000000
1.000000
"cg.jpg"
""

Bones: 0
GroupComments: 0
MaterialComments: 0
BoneComments: 0
ModelComment: 0
